#Sat Sep 24 15:56:13 CEST 2022
numResults.avg=11.0
numResults.numSamples=11
queryName=classAssociations
satCalls.avg=0.0
satCalls.numSamples=11
timeQuery.avg=1.1821519254545455E8
timeQuery.lower=1.1250172399361597E8
timeQuery.numSamples=11
timeQuery.upper=1.2392866109729312E8
timeSat.avg=0.0
timeSat.lower=0.0
timeSat.numSamples=11
timeSat.upper=0.0
