#Sat Sep 24 15:56:09 CEST 2022
numResults.avg=12.0
numResults.numSamples=14
queryName=publicAttributes
satCalls.avg=0.0
satCalls.numSamples=14
timeQuery.avg=1.1088528835714285E8
timeQuery.lower=1.0574364992052908E8
timeQuery.numSamples=14
timeQuery.upper=1.1602692679375662E8
timeSat.avg=0.0
timeSat.lower=0.0
timeSat.numSamples=14
timeSat.upper=0.0
