#Sat Sep 24 15:56:38 CEST 2022
numResults.avg=0.0
numResults.numSamples=15
queryName=subAttributes
satCalls.avg=0.0
satCalls.numSamples=15
timeQuery.avg=1.1222641046666667E8
timeQuery.lower=1.0690534947596581E8
timeQuery.numSamples=15
timeQuery.upper=1.1754747145736752E8
timeSat.avg=0.0
timeSat.lower=0.0
timeSat.numSamples=15
timeSat.upper=0.0
