#Sat Sep 24 15:56:39 CEST 2022
numResults.avg=0.0
numResults.numSamples=12
queryName=superAssociations
satCalls.avg=0.0
satCalls.numSamples=12
timeQuery.avg=1.1264371541666667E8
timeQuery.lower=1.075092739765507E8
timeQuery.numSamples=12
timeQuery.upper=1.1777815685678264E8
timeSat.avg=0.0
timeSat.lower=0.0
timeSat.numSamples=12
timeSat.upper=0.0
