#Sat Sep 24 15:57:06 CEST 2022
numResults.avg=12.0
numResults.numSamples=14
queryName=classAssociations
satCalls.avg=0.0
satCalls.numSamples=14
timeQuery.avg=1.1228047735714285E8
timeQuery.lower=1.0682202159803581E8
timeQuery.numSamples=14
timeQuery.upper=1.1773893311624989E8
timeSat.avg=0.0
timeSat.lower=0.0
timeSat.numSamples=14
timeSat.upper=0.0
