#Sat Sep 24 15:57:08 CEST 2022
numResults.avg=1.0
numResults.numSamples=14
queryName=leximaxName
satCalls.avg=0.0
satCalls.numSamples=14
timeQuery.avg=1.0960192228571428E8
timeQuery.lower=1.042389004007192E8
timeQuery.numSamples=14
timeQuery.upper=1.1496494417070937E8
timeSat.avg=0.0
timeSat.lower=0.0
timeSat.numSamples=14
timeSat.upper=0.0
