#Sat Sep 24 15:56:59 CEST 2022
numResults.avg=8.0
numResults.numSamples=15
queryName=publicAttributes
satCalls.avg=0.0
satCalls.numSamples=15
timeQuery.avg=1.1286560926666667E8
timeQuery.lower=1.0762340348280382E8
timeQuery.numSamples=15
timeQuery.upper=1.1810781505052951E8
timeSat.avg=0.0
timeSat.lower=0.0
timeSat.numSamples=15
timeSat.upper=0.0
