#Sat Sep 24 15:58:15 CEST 2022
numResults.avg=8.0
numResults.numSamples=13
queryName=publicAttributes
satCalls.avg=0.0
satCalls.numSamples=13
timeQuery.avg=1.1053829538461539E8
timeQuery.lower=1.0505972611406405E8
timeQuery.numSamples=13
timeQuery.upper=1.1601686465516673E8
timeSat.avg=0.0
timeSat.lower=0.0
timeSat.numSamples=13
timeSat.upper=0.0
