#Sat Sep 24 15:58:44 CEST 2022
numResults.avg=6.9
numResults.numSamples=20
queryName=classAssociations
satCalls.avg=111.7
satCalls.numSamples=20
timeQuery.avg=1.3228933855E8
timeQuery.lower=1.2910419921294081E8
timeQuery.numSamples=20
timeQuery.upper=1.3547447788705918E8
timeSat.avg=2.913842305E7
timeSat.lower=2.7489460271646746E7
timeSat.numSamples=20
timeSat.upper=3.0787385828353256E7
