#Sat Sep 24 16:00:01 CEST 2022
numResults.avg=4.0
numResults.numSamples=20
queryName=leximaxName
satCalls.avg=24217.3
satCalls.numSamples=20
timeQuery.avg=3.09040093655E9
timeQuery.lower=2.665471544305227E9
timeQuery.numSamples=20
timeQuery.upper=3.5153303287947736E9
timeSat.avg=2.98824094625E9
timeSat.lower=2.564031701907602E9
timeSat.numSamples=20
timeSat.upper=3.412450190592398E9
