#Sat Sep 24 15:58:37 CEST 2022
numResults.avg=24.0
numResults.numSamples=15
queryName=publicAttributes
satCalls.avg=24.0
satCalls.numSamples=15
timeQuery.avg=1.1107072493333334E8
timeQuery.lower=1.061893365177291E8
timeQuery.numSamples=15
timeQuery.upper=1.1595211334893757E8
timeSat.avg=9931866.866666667
timeSat.lower=9461166.169915853
timeSat.numSamples=15
timeSat.upper=1.0402567563417481E7
