#Sat Sep 24 15:58:39 CEST 2022
numResults.avg=5.0
numResults.numSamples=20
queryName=subAttributes
satCalls.avg=5.0
satCalls.numSamples=20
timeQuery.avg=1.04044598E8
timeQuery.lower=1.0072890663929747E8
timeQuery.numSamples=20
timeQuery.upper=1.0736028936070253E8
timeSat.avg=2276627.45
timeSat.lower=1972852.2256390469
timeSat.numSamples=20
timeSat.upper=2580402.6743609533
