#Thu Aug 18 21:38:45 CEST 2022
numResults.avg=10.0
numResults.numSamples=13
queryName=publicAttributes
satCalls.avg=0.0
satCalls.numSamples=13
timeQuery.avg=2.077375443846154E8
timeQuery.lower=1.975239909595575E8
timeQuery.numSamples=13
timeQuery.upper=2.1795109780967328E8
timeSat.avg=0.0
timeSat.lower=0.0
timeSat.numSamples=13
timeSat.upper=0.0
