#Sat Sep 24 15:34:15 CEST 2022
numResults.avg=1.0
numResults.numSamples=14
queryName=leximaxName
satCalls.avg=0.0
satCalls.numSamples=14
timeQuery.avg=1.1078398735714285E8
timeQuery.lower=1.052798154386713E8
timeQuery.numSamples=14
timeQuery.upper=1.162881592756144E8
timeSat.avg=0.0
timeSat.lower=0.0
timeSat.numSamples=14
timeSat.upper=0.0
