#Sat Sep 24 15:34:41 CEST 2022
numResults.avg=4.0
numResults.numSamples=11
queryName=classAssociations
satCalls.avg=0.0
satCalls.numSamples=11
timeQuery.avg=1.1755419145454545E8
timeQuery.lower=1.1182257458905183E8
timeQuery.numSamples=11
timeQuery.upper=1.2328580832003908E8
timeSat.avg=0.0
timeSat.lower=0.0
timeSat.numSamples=11
timeSat.upper=0.0
