#Sat Sep 24 15:35:39 CEST 2022
numResults.avg=0.0
numResults.numSamples=13
queryName=subAttributes
satCalls.avg=0.0
satCalls.numSamples=13
timeQuery.avg=1.1423904276923077E8
timeQuery.lower=1.087618331639351E8
timeQuery.numSamples=13
timeQuery.upper=1.1971625237452644E8
timeSat.avg=0.0
timeSat.lower=0.0
timeSat.numSamples=13
timeSat.upper=0.0
