#Sat Sep 24 15:36:16 CEST 2022
numResults.avg=7.0
numResults.numSamples=11
queryName=classAssociations
satCalls.avg=0.0
satCalls.numSamples=11
timeQuery.avg=1.1392834963636364E8
timeQuery.lower=1.086237437350716E8
timeQuery.numSamples=11
timeQuery.upper=1.1923295553765568E8
timeSat.avg=0.0
timeSat.lower=0.0
timeSat.numSamples=11
timeSat.upper=0.0
