#Thu Aug 18 21:37:18 CEST 2022
numResults.avg=48.0
numResults.numSamples=5
queryName=classAssociations
satCalls.avg=597.0
satCalls.numSamples=5
timeQuery.avg=2.133020488E8
timeQuery.lower=2.1132753468997717E8
timeQuery.numSamples=5
timeQuery.upper=2.1527656291002285E8
timeSat.avg=2.76022542E7
timeSat.lower=2.674980062225772E7
timeSat.numSamples=5
timeSat.upper=2.8454707777742278E7
