#Sat Sep 24 15:36:48 CEST 2022
numResults.avg=37.0
numResults.numSamples=20
queryName=classAssociations
satCalls.avg=696.6
satCalls.numSamples=20
timeQuery.avg=1.204444103E8
timeQuery.lower=1.1780721182780488E8
timeQuery.numSamples=20
timeQuery.upper=1.2308160877219512E8
timeSat.avg=1.67309288E7
timeSat.lower=1.5833986588927526E7
timeSat.numSamples=20
timeSat.upper=1.7627871011072475E7
