#Thu Aug 18 21:37:23 CEST 2022
numResults.avg=192.0
numResults.numSamples=10
queryName=maxName
satCalls.avg=2130.0
satCalls.numSamples=10
timeQuery.avg=2.723388322E8
timeQuery.lower=2.6584689483700937E8
timeQuery.numSamples=10
timeQuery.upper=2.788307695629906E8
timeSat.avg=8.19890874E7
timeSat.lower=7.826914792989427E7
timeSat.numSamples=10
timeSat.upper=8.570902687010574E7
