#Sat Sep 24 15:36:41 CEST 2022
numResults.avg=5.0
numResults.numSamples=20
queryName=publicAttributes
satCalls.avg=5.0
satCalls.numSamples=20
timeQuery.avg=1.074116772E8
timeQuery.lower=1.0350727781981689E8
timeQuery.numSamples=20
timeQuery.upper=1.1131607658018312E8
timeSat.avg=1471943.1
timeSat.lower=1331635.2449575253
timeSat.numSamples=20
timeSat.upper=1612250.955042475
