#Thu Aug 18 21:37:12 CEST 2022
numResults.avg=5.0
numResults.numSamples=20
queryName=publicAttributes
satCalls.avg=5.0
satCalls.numSamples=20
timeQuery.avg=2.017248657E8
timeQuery.lower=1.9672559842534894E8
timeQuery.numSamples=20
timeQuery.upper=2.0672413297465104E8
timeSat.avg=2896215.7
timeSat.lower=2603045.8803288992
timeSat.numSamples=20
timeSat.upper=3189385.519671101
