#Thu Aug 18 21:43:18 CEST 2022
numResults.avg=1.0
numResults.numSamples=6
queryName=maxName
satCalls.avg=0.0
satCalls.numSamples=6
timeQuery.avg=2.1187478483333334E8
timeQuery.lower=2.0219371189578456E8
timeQuery.numSamples=6
timeQuery.upper=2.2155585777088213E8
timeSat.avg=0.0
timeSat.lower=0.0
timeSat.numSamples=6
timeSat.upper=0.0
