#Sat Sep 24 15:58:19 CEST 2022
numResults.avg=11.0
numResults.numSamples=11
queryName=classAssociations
satCalls.avg=0.0
satCalls.numSamples=11
timeQuery.avg=1.1125989554545455E8
timeQuery.lower=1.0584011438616969E8
timeQuery.numSamples=11
timeQuery.upper=1.166796767047394E8
timeSat.avg=0.0
timeSat.lower=0.0
timeSat.numSamples=11
timeSat.upper=0.0
