#Thu Aug 18 21:40:54 CEST 2022
numResults.avg=5.0
numResults.numSamples=5
queryName=classAssociations
satCalls.avg=75.0
satCalls.numSamples=5
timeQuery.avg=2.189599692E8
timeQuery.lower=2.1533952011815563E8
timeQuery.numSamples=5
timeQuery.upper=2.2258041828184435E8
timeSat.avg=3.35688848E7
timeSat.lower=3.2833797446331106E7
timeSat.numSamples=5
timeSat.upper=3.430397215366889E7
