#Thu Aug 18 21:40:50 CEST 2022
numResults.avg=5.0
numResults.numSamples=5
queryName=liftAttributes
satCalls.avg=5.0
satCalls.numSamples=5
timeQuery.avg=1.877449846E8
timeQuery.lower=1.8229684940315202E8
timeQuery.numSamples=5
timeQuery.upper=1.9319311979684797E8
timeSat.avg=3289369.4
timeSat.lower=3238434.3085627
timeSat.numSamples=5
timeSat.upper=3340304.4914372996
