#Thu Aug 18 21:41:50 CEST 2022
numResults.avg=528.0
numResults.numSamples=5
queryName=maxName
satCalls.avg=27197.0
satCalls.numSamples=5
timeQuery.avg=5.6330468266E9
timeQuery.lower=5.617308762907268E9
timeQuery.numSamples=5
timeQuery.upper=5.648784890292733E9
timeSat.avg=5.440509421E9
timeSat.lower=5.425937742427144E9
timeSat.numSamples=5
timeSat.upper=5.455081099572856E9
