#Thu Aug 18 21:40:48 CEST 2022
numResults.avg=24.0
numResults.numSamples=20
queryName=publicAttributes
satCalls.avg=24.0
satCalls.numSamples=20
timeQuery.avg=2.064504423E8
timeQuery.lower=2.0260057274566382E8
timeQuery.numSamples=20
timeQuery.upper=2.103003118543362E8
timeSat.avg=1.636202305E7
timeSat.lower=1.5507660873528006E7
timeSat.numSamples=20
timeSat.upper=1.7216385226471998E7
