#Sat Sep 24 15:32:45 CEST 2022
numResults.avg=0.0
numResults.numSamples=13
queryName=superAssociations
satCalls.avg=0.0
satCalls.numSamples=13
timeQuery.avg=1.1772943707692307E8
timeQuery.lower=1.120153986558557E8
timeQuery.numSamples=13
timeQuery.upper=1.2344347549799044E8
timeSat.avg=0.0
timeSat.lower=0.0
timeSat.numSamples=13
timeSat.upper=0.0
