#Sat Sep 24 15:32:42 CEST 2022
numResults.avg=0.0
numResults.numSamples=14
queryName=subAttributes
satCalls.avg=0.0
satCalls.numSamples=14
timeQuery.avg=1.1389692957142857E8
timeQuery.lower=1.0836718092838179E8
timeQuery.numSamples=14
timeQuery.upper=1.1942667821447535E8
timeSat.avg=0.0
timeSat.lower=0.0
timeSat.numSamples=14
timeSat.upper=0.0
