#Sat Sep 24 15:35:44 CEST 2022
numResults.avg=1.0
numResults.numSamples=14
queryName=leximaxName
satCalls.avg=0.0
satCalls.numSamples=14
timeQuery.avg=1.1299426914285715E8
timeQuery.lower=1.0755622678097115E8
timeQuery.numSamples=14
timeQuery.upper=1.1843231150474314E8
timeSat.avg=0.0
timeSat.lower=0.0
timeSat.numSamples=14
timeSat.upper=0.0
