#Sat Sep 24 15:36:54 CEST 2022
numResults.avg=3.0
numResults.numSamples=20
queryName=leximaxName
satCalls.avg=4543.1
satCalls.numSamples=20
timeQuery.avg=2.033285231E8
timeQuery.lower=1.925148036697085E8
timeQuery.numSamples=20
timeQuery.upper=2.141422425302915E8
timeSat.avg=9.892005415E7
timeSat.lower=8.909349515625912E7
timeSat.numSamples=20
timeSat.upper=1.0874661314374089E8
