#Sat Sep 24 15:36:43 CEST 2022
numResults.avg=0.0
numResults.numSamples=13
queryName=subAttributes
satCalls.avg=0.0
satCalls.numSamples=13
timeQuery.avg=1.0291317638461539E8
timeQuery.lower=9.794399138831419E7
timeQuery.numSamples=13
timeQuery.upper=1.078823613809166E8
timeSat.avg=0.0
timeSat.lower=0.0
timeSat.numSamples=13
timeSat.upper=0.0
