#Thu Aug 18 21:45:57 CEST 2022
numResults.avg=328.0
numResults.numSamples=5
queryName=classAssociations
satCalls.avg=6094.0
satCalls.numSamples=5
timeQuery.avg=5.976801252E8
timeQuery.lower=5.811788177332449E8
timeQuery.numSamples=5
timeQuery.upper=6.141814326667552E8
timeSat.avg=4.188806708E8
timeSat.lower=4.0065562515584445E8
timeSat.numSamples=5
timeSat.upper=4.371057164441556E8
