#Thu Aug 18 21:45:49 CEST 2022
numResults.avg=3.0
numResults.numSamples=17
queryName=liftAttributes
satCalls.avg=3.0
satCalls.numSamples=17
timeQuery.avg=1.865009092352941E8
timeQuery.lower=1.7746878254172122E8
timeQuery.numSamples=17
timeQuery.upper=1.9553303592886698E8
timeSat.avg=1569496.1764705882
timeSat.lower=1496705.5016286038
timeSat.numSamples=17
timeSat.upper=1642286.8513125726
