#Thu Aug 18 21:48:00 CEST 2022
numResults.avg=2880.0
numResults.numSamples=5
queryName=maxName
satCalls.avg=148205.0
satCalls.numSamples=5
timeQuery.avg=1.22222390248E10
timeQuery.lower=1.2139295627768148E10
timeQuery.numSamples=5
timeQuery.upper=1.230518242183185E10
timeSat.avg=1.20358499476E10
timeSat.lower=1.1958652115892805E10
timeSat.numSamples=5
timeSat.upper=1.2113047779307196E10
