#Thu Aug 18 21:45:45 CEST 2022
numResults.avg=7.0
numResults.numSamples=7
queryName=publicAttributes
satCalls.avg=7.0
satCalls.numSamples=7
timeQuery.avg=1.8729723314285713E8
timeQuery.lower=1.788566361187522E8
timeQuery.numSamples=7
timeQuery.upper=1.9573783016696206E8
timeSat.avg=3432562.8571428573
timeSat.lower=3363600.4605011563
timeSat.numSamples=7
timeSat.upper=3501525.2537845583
