#Sat Sep 24 16:02:10 CEST 2022
numResults.avg=7.0
numResults.numSamples=14
queryName=superAssociations
satCalls.avg=7.0
satCalls.numSamples=14
timeQuery.avg=1.0624913607142857E8
timeQuery.lower=1.011524198268502E8
timeQuery.numSamples=14
timeQuery.upper=1.1134585231600693E8
timeSat.avg=2117002.3571428573
timeSat.lower=2080381.9108208602
timeSat.numSamples=14
timeSat.upper=2153622.803464854
