#Sat Sep 24 16:02:08 CEST 2022
numResults.avg=3.0
numResults.numSamples=15
queryName=subAttributes
satCalls.avg=3.0
satCalls.numSamples=15
timeQuery.avg=1.0248784653333333E8
timeQuery.lower=9.743159988018955E7
timeQuery.numSamples=15
timeQuery.upper=1.0754409318647711E8
timeSat.avg=945893.8
timeSat.lower=923244.8132254177
timeSat.numSamples=15
timeSat.upper=968542.7867745823
