#Thu Aug 18 21:45:51 CEST 2022
numResults.avg=7.0
numResults.numSamples=5
queryName=superAssociations
satCalls.avg=7.0
satCalls.numSamples=5
timeQuery.avg=1.828523192E8
timeQuery.lower=1.765651241741615E8
timeQuery.numSamples=5
timeQuery.upper=1.8913951422583848E8
timeSat.avg=3367092.4
timeSat.lower=3313139.4354879763
timeSat.numSamples=5
timeSat.upper=3421045.3645120235
