#Sat Sep 24 16:02:23 CEST 2022
numResults.avg=328.0
numResults.numSamples=20
queryName=classAssociations
satCalls.avg=9733.6
satCalls.numSamples=20
timeQuery.avg=5.15429731E8
timeQuery.lower=4.659293520354986E8
timeQuery.numSamples=20
timeQuery.upper=5.649301099645014E8
timeSat.avg=4.091658973E8
timeSat.lower=3.5942962136959994E8
timeSat.numSamples=20
timeSat.upper=4.589021732304001E8
