#Sat Sep 24 16:05:36 CEST 2022
numResults.avg=3.0
numResults.numSamples=20
queryName=leximaxName
satCalls.avg=163913.0
satCalls.numSamples=20
timeQuery.avg=7.8631806826E9
timeQuery.lower=6.702458630873594E9
timeQuery.numSamples=20
timeQuery.upper=9.023902734326406E9
timeSat.avg=7.7550196223E9
timeSat.lower=6.594181218977785E9
timeSat.numSamples=20
timeSat.upper=8.915858025622215E9
