#Sat Sep 24 16:02:06 CEST 2022
numResults.avg=7.0
numResults.numSamples=11
queryName=publicAttributes
satCalls.avg=7.0
satCalls.numSamples=11
timeQuery.avg=1.0617975054545455E8
timeQuery.lower=1.037319642474669E8
timeQuery.numSamples=11
timeQuery.upper=1.0862753684344219E8
timeSat.avg=2160244.4545454546
timeSat.lower=2057590.874642272
timeSat.numSamples=11
timeSat.upper=2262898.034448637
