#Sat Sep 24 16:10:24 CEST 2022
numResults.avg=1.0
numResults.numSamples=15
queryName=leximaxName
satCalls.avg=0.0
satCalls.numSamples=15
timeQuery.avg=1.1163651866666667E8
timeQuery.lower=1.0628763599532615E8
timeQuery.numSamples=15
timeQuery.upper=1.169854013380072E8
timeSat.avg=0.0
timeSat.lower=0.0
timeSat.numSamples=15
timeSat.upper=0.0
