#Sat Sep 24 16:10:15 CEST 2022
numResults.avg=5.0
numResults.numSamples=18
queryName=publicAttributes
satCalls.avg=0.0
satCalls.numSamples=18
timeQuery.avg=1.1090082955555555E8
timeQuery.lower=1.0536805528688344E8
timeQuery.numSamples=18
timeQuery.upper=1.1643360382422766E8
timeSat.avg=0.0
timeSat.lower=0.0
timeSat.numSamples=18
timeSat.upper=0.0
