#Sat Sep 24 16:10:17 CEST 2022
numResults.avg=2.0
numResults.numSamples=14
queryName=subAttributes
satCalls.avg=0.0
satCalls.numSamples=14
timeQuery.avg=1.1012284628571428E8
timeQuery.lower=1.0478734811693214E8
timeQuery.numSamples=14
timeQuery.upper=1.1545834445449643E8
timeSat.avg=0.0
timeSat.lower=0.0
timeSat.numSamples=14
timeSat.upper=0.0
