#Sat Sep 24 16:10:19 CEST 2022
numResults.avg=5.0
numResults.numSamples=13
queryName=superAssociations
satCalls.avg=0.0
satCalls.numSamples=13
timeQuery.avg=1.1091364092307693E8
timeQuery.lower=1.0540799740188453E8
timeQuery.numSamples=13
timeQuery.upper=1.1641928444426933E8
timeSat.avg=0.0
timeSat.lower=0.0
timeSat.numSamples=13
timeSat.upper=0.0
