#Sat Sep 24 16:10:48 CEST 2022
numResults.avg=5.0
numResults.numSamples=13
queryName=superAssociations
satCalls.avg=0.0
satCalls.numSamples=13
timeQuery.avg=1.0889858053846154E8
timeQuery.lower=1.0358398377123402E8
timeQuery.numSamples=13
timeQuery.upper=1.1421317730568905E8
timeSat.avg=0.0
timeSat.lower=0.0
timeSat.numSamples=13
timeSat.upper=0.0
