#Sat Sep 24 16:13:35 CEST 2022
numResults.avg=3.0
numResults.numSamples=8
queryName=classAssociations
satCalls.avg=329.75
satCalls.numSamples=8
timeQuery.avg=1.3688305675E8
timeQuery.lower=1.3029602094493254E8
timeQuery.numSamples=8
timeQuery.upper=1.4347009255506745E8
timeSat.avg=2.10795155E7
timeSat.lower=2.0544499932488713E7
timeSat.numSamples=8
timeSat.upper=2.1614531067511287E7
