#Sat Sep 24 16:13:30 CEST 2022
numResults.avg=2.0
numResults.numSamples=20
queryName=subAttributes
satCalls.avg=2.0
satCalls.numSamples=20
timeQuery.avg=1.139969339E8
timeQuery.lower=1.0912854479613748E8
timeQuery.numSamples=20
timeQuery.upper=1.1886532300386253E8
timeSat.avg=411214.85
timeSat.lower=371912.6611928178
timeSat.numSamples=20
timeSat.upper=450517.03880718217
