#Thu Aug 18 21:10:33 CEST 2022
numResults.avg=10.0
numResults.numSamples=14
queryName=liftAttributes
satCalls.avg=0.0
satCalls.numSamples=14
timeQuery.avg=2.234758162142857E8
timeQuery.lower=2.1267247772313806E8
timeQuery.numSamples=14
timeQuery.upper=2.3427915470543334E8
timeSat.avg=0.0
timeSat.lower=0.0
timeSat.numSamples=14
timeSat.upper=0.0
