#Thu Aug 18 21:10:28 CEST 2022
numResults.avg=18.0
numResults.numSamples=13
queryName=publicAttributes
satCalls.avg=0.0
satCalls.numSamples=13
timeQuery.avg=2.2604140276923078E8
timeQuery.lower=2.1547604773638842E8
timeQuery.numSamples=13
timeQuery.upper=2.3660675780207315E8
timeSat.avg=0.0
timeSat.lower=0.0
timeSat.numSamples=13
timeSat.upper=0.0
