#Sat Sep 24 16:09:48 CEST 2022
numResults.avg=2.0
numResults.numSamples=11
queryName=publicAttributes
satCalls.avg=0.0
satCalls.numSamples=11
timeQuery.avg=1.157504679090909E8
timeQuery.lower=1.1027931279667577E8
timeQuery.numSamples=11
timeQuery.upper=1.2122162302150604E8
timeSat.avg=0.0
timeSat.lower=0.0
timeSat.numSamples=11
timeSat.upper=0.0
