#Sat Sep 24 16:10:21 CEST 2022
numResults.avg=45.0
numResults.numSamples=13
queryName=classAssociations
satCalls.avg=0.0
satCalls.numSamples=13
timeQuery.avg=1.1226733407692307E8
timeQuery.lower=1.068494699624485E8
timeQuery.numSamples=13
timeQuery.upper=1.1768519819139765E8
timeSat.avg=0.0
timeSat.lower=0.0
timeSat.numSamples=13
timeSat.upper=0.0
