#Sat Sep 24 16:10:50 CEST 2022
numResults.avg=45.0
numResults.numSamples=14
queryName=classAssociations
satCalls.avg=0.0
satCalls.numSamples=14
timeQuery.avg=1.1070350078571428E8
timeQuery.lower=1.0527810748999214E8
timeQuery.numSamples=14
timeQuery.upper=1.1612889408143643E8
timeSat.avg=0.0
timeSat.lower=0.0
timeSat.numSamples=14
timeSat.upper=0.0
