#Sat Sep 24 16:10:52 CEST 2022
numResults.avg=1.0
numResults.numSamples=15
queryName=leximaxName
satCalls.avg=0.0
satCalls.numSamples=15
timeQuery.avg=1.0818271133333333E8
timeQuery.lower=1.0280092215807903E8
timeQuery.numSamples=15
timeQuery.upper=1.1356450050858763E8
timeSat.avg=0.0
timeSat.lower=0.0
timeSat.numSamples=15
timeSat.upper=0.0
