#Sat Sep 24 16:10:46 CEST 2022
numResults.avg=2.0
numResults.numSamples=15
queryName=subAttributes
satCalls.avg=0.0
satCalls.numSamples=15
timeQuery.avg=1.0675205013333334E8
timeQuery.lower=1.0145323640734655E8
timeQuery.numSamples=15
timeQuery.upper=1.1205086385932013E8
timeSat.avg=0.0
timeSat.lower=0.0
timeSat.numSamples=15
timeSat.upper=0.0
