#Thu Aug 18 20:42:45 CEST 2022
numResults.avg=3.0
numResults.numSamples=5
queryName=classAssociations
satCalls.avg=360.0
satCalls.numSamples=5
timeQuery.avg=2.477038734E8
timeQuery.lower=2.4238292654728496E8
timeQuery.numSamples=5
timeQuery.upper=2.5302482025271505E8
timeSat.avg=4.22816838E7
timeSat.lower=4.093068450077954E7
timeSat.numSamples=5
timeSat.upper=4.3632683099220455E7
