#Thu Aug 18 20:42:38 CEST 2022
numResults.avg=2.0
numResults.numSamples=5
queryName=liftAttributes
satCalls.avg=2.0
satCalls.numSamples=5
timeQuery.avg=2.127526832E8
timeQuery.lower=2.0388460000650442E8
timeQuery.numSamples=5
timeQuery.upper=2.2162076639349556E8
timeSat.avg=970251.2
timeSat.lower=930249.3937402511
timeSat.numSamples=5
timeSat.upper=1010253.0062597488
