#Sat Sep 24 16:13:28 CEST 2022
numResults.avg=5.0
numResults.numSamples=5
queryName=publicAttributes
satCalls.avg=5.0
satCalls.numSamples=5
timeQuery.avg=1.168245494E8
timeQuery.lower=1.1236685778339419E8
timeQuery.numSamples=5
timeQuery.upper=1.2128224101660582E8
timeSat.avg=893486.6
timeSat.lower=870370.6649354097
timeSat.numSamples=5
timeSat.upper=916602.5350645903
