#Thu Aug 18 20:42:36 CEST 2022
numResults.avg=5.0
numResults.numSamples=20
queryName=publicAttributes
satCalls.avg=5.0
satCalls.numSamples=20
timeQuery.avg=2.3977908735E8
timeQuery.lower=2.315327563132117E8
timeQuery.numSamples=20
timeQuery.upper=2.4802541838678828E8
timeSat.avg=3677905.05
timeSat.lower=3113513.620940161
timeSat.numSamples=20
timeSat.upper=4242296.479059839
