#Sat Sep 24 16:13:33 CEST 2022
numResults.avg=5.0
numResults.numSamples=20
queryName=superAssociations
satCalls.avg=5.0
satCalls.numSamples=20
timeQuery.avg=1.1750749205E8
timeQuery.lower=1.1510557304774304E8
timeQuery.numSamples=20
timeQuery.upper=1.1990941105225696E8
timeSat.avg=914949.25
timeSat.lower=849947.4112056695
timeSat.numSamples=20
timeSat.upper=979951.0887943305
