#Thu Aug 18 20:42:42 CEST 2022
numResults.avg=5.0
numResults.numSamples=13
queryName=superAssociations
satCalls.avg=5.0
satCalls.numSamples=13
timeQuery.avg=2.1687381346153846E8
timeQuery.lower=2.0657273969952703E8
timeQuery.numSamples=13
timeQuery.upper=2.271748872235499E8
timeSat.avg=2157915.5384615385
timeSat.lower=2060261.363001755
timeSat.numSamples=13
timeSat.upper=2255569.713921322
